err_1 = 0
err_2 = 0
err_3 = -0.004461134
err_4 = -0.001396222
err_5 = -0.0011326458827956695
err_6 = -0.11346127339699999
w_13 = -3.0446113
w_14 = 1.98603778
w_15 = 3.98867354
w_23 = 1.91077732
w_24 = -3.0279244
w_25 = 0.47734708
w_36 = -0.6295154
w_46 = 0.67969043
w_56 = 0.37298917
